a01 = 0.2657;
b01 = 6.7129;
a11 = 0.060773449736866;
b11= 1.576434187120628;
a02 = 0.0601;
b02 = 8.2494;
a12 = 0.007150245075987;
b12 = 0.153671177646358;
J_bx = 0.2412;
J_cl = 1.2576;
r_bx = 0.245;
r_cl = 0.1; 
Trr = 0.334273249247759;
Rm=0.059792307934437;
Lm=2.247926023878100e-05;
ke_m=0.0413;
kt_m=0.0362;
K = 1;